#
# Jedeslsky EJ1
#
1.000000    0.001500
0.950000    0.012675
0.900000    0.022850
0.800000    0.041600
0.700000    0.058550
0.600000    0.069900
0.500000    0.080250
0.400000    0.086600
0.300000    0.084950
0.200000    0.076200
0.150000    0.069075
0.100000    0.056750
0.075000    0.048875
0.050000    0.037825
0.025000    0.023763
0.012500    0.015211
0.003000    0.006000
0.000000    0.000000
0.003000   -0.006000
0.012500   -0.011619
0.025000   -0.016538
0.050000   -0.022475
0.075000   -0.027413
0.100000   -0.031350
0.150000   -0.037825
0.200000   -0.041700
0.300000   -0.043050
0.400000   -0.042400
0.500000   -0.038750
0.600000   -0.033100
0.700000   -0.026750
0.800000   -0.018800
0.900000   -0.010150
0.950000   -0.006325
1.000000   -0.000150
