#
#JEDELSKY EJ 85 1983
#
1.0000 0.0000
0.9500 0.0170
0.9000 0.0280
0.8000 0.0480
0.7000 0.0650
0.6000 0.0800
0.5000 0.0900
0.4000 0.0980
0.3000 0.1000
0.2000 0.0950
0.1500 0.0920
0.1000 0.0800
0.0750 0.0720
0.0500 0.0600
0.0250 0.0430
0.0125 0.0300
0.0000 0.0050
0.0125 0.0010
0.0250 0.0050
0.0500 0.0100
0.0750 0.0130
0.1000 0.0180
0.1500 0.0270
0.2000 0.0330
0.3000 0.0500
0.4000 0.0650
0.5000 0.0800
0.6000 0.0700
0.7000 0.0550
0.8000 0.0380
0.9000 0.0180
0.9500 0.0070
1.0000 0.0000		