1.000000    0.001240
0.955720    0.013860
0.918830    0.023550
0.881940    0.032640
0.845050    0.041040
0.808170    0.048680
0.771290    0.055630
0.734410    0.061940
0.697530    0.067980
0.660660    0.072890
0.623780    0.077630
0.586910    0.081840
0.550050    0.085430
0.513190    0.088330
0.476320    0.090620
0.451750    0.091830
0.427170    0.092800
0.402600    0.093500
0.378030    0.093960
0.353460    0.094030
0.328890    0.093690
0.304320    0.092890
0.279760    0.091570
0.255190    0.089710
0.230630    0.087270
0.218350    0.085810
0.206070    0.084170
0.193790    0.082380
0.181520    0.080380
0.169240    0.078170
0.156970    0.075740
0.144690    0.073040
0.132420    0.070060
0.120140    0.066750
0.107870    0.063090
0.095600    0.059070
0.083340    0.054630
0.075980    0.051750
0.068620    0.048710
0.061260    0.045450
0.053900    0.041990
0.046540    0.038290
0.041640    0.035690
0.036740    0.032950
0.029370    0.028570
0.024470    0.025400
0.022020    0.023730
0.019570    0.021980
0.017120    0.020170
0.014670    0.018250
0.012220    0.016200
0.009770    0.014020
0.007320    0.011640
0.004880    0.008990
0.002430    0.005870
0.001370    0.004180
0.000600    0.002630
0.000150    0.001240
0.000000    0.000000
0.000160    -0.001060
0.000620    -0.001960
0.001390    -0.002700
0.002470    -0.003250
0.004930    -0.003770
0.007390    -0.003840
0.009840    -0.003710
0.012300    -0.003460
0.014760    -0.003140
0.017210    -0.002790
0.019670    -0.002410
0.022120    -0.002020
0.024580    -0.001620
0.029490    -0.000820
0.036850    0.000360
0.041760    0.001140
0.046670    0.001930
0.054040    0.003080
0.061410    0.004230
0.068770    0.005350
0.076140    0.006460
0.083510    0.007560
0.095780    0.009390
0.108060    0.011180
0.120340    0.012990
0.132620    0.014750
0.144900    0.016530
0.157180    0.018290
0.169460    0.020040
0.181730    0.021790
0.194010    0.023550
0.206290    0.025300
0.218570    0.027050
0.230850    0.028810
0.255410    0.032270
0.279960    0.035670
0.304520    0.038900
0.329080    0.041910
0.353640    0.044640
0.378200    0.047070
0.402760    0.049200
0.427320    0.050970
0.451890    0.052370
0.476450    0.053420
0.513300    0.054340
0.550160    0.054400
0.587020    0.053620
0.623890    0.051960
0.660750    0.049530
0.697620    0.046400
0.734490    0.042630
0.771360    0.038320
0.808230    0.033490
0.845110    0.028060
0.881980    0.021880
0.918860    0.014980
0.955750    0.007720
1.000000    -0.001220
