#
# FX 76-MP-140
#
  1.000000    0.000000
  0.998930    0.001450
  0.995720    0.002930
  0.990390    0.005090
  0.982960    0.007870
  0.973470    0.011180
  0.961940    0.014960
  0.948440    0.019360
  0.933010    0.024330
  0.915730    0.029950
  0.896680    0.036170
  0.875920    0.043030
  0.853550    0.050480
  0.829670    0.058510
  0.804380    0.067080
  0.777790    0.076130
  0.750000    0.085410
  0.721140    0.094660
  0.691340    0.103410
  0.660720    0.111390
  0.629410    0.118420
  0.597550    0.124510
  0.565260    0.129520
  0.532700    0.133520
  0.500000    0.136520
  0.467300    0.138620
  0.434740    0.139770
  0.402450    0.140030
  0.370590    0.139350
  0.339280    0.137790
  0.308660    0.135310
  0.278860    0.132000
  0.250000    0.127790
  0.222210    0.122770
  0.195620    0.116950
  0.170330    0.110430
  0.146450    0.103240
  0.124080    0.095570
  0.103320    0.087340
  0.084270    0.078690
  0.066990    0.069460
  0.051560    0.059860
  0.038060    0.049980
  0.026530    0.040440
  0.017040    0.031210
  0.009610    0.022730
  0.004280    0.014590
  0.001070    0.007500
  0.000000    0.000000
  0.001070   -0.004890
  0.004280   -0.009380
  0.009610   -0.013590
  0.017040   -0.016880
  0.026530   -0.019360
  0.038060   -0.020850
  0.051560   -0.021630
  0.066990   -0.021710
  0.084270   -0.021310
  0.103320   -0.020430
  0.124080   -0.019160
  0.146450   -0.017550
  0.170330   -0.015730
  0.195620   -0.013760
  0.222210   -0.011690
  0.250000   -0.009580
  0.278860   -0.007430
  0.308660   -0.005340
  0.339280   -0.003290
  0.370590   -0.001360
  0.402450    0.000480
  0.434740    0.002180
  0.467300    0.003810
  0.500000    0.005320
  0.532700    0.006750
  0.565260    0.008060
  0.597550    0.009330
  0.629410    0.010510
  0.660720    0.011710
  0.691340    0.012870
  0.721140    0.014040
  0.750000    0.015100
  0.777790    0.015990
  0.804380    0.016510
  0.829670    0.016680
  0.853550    0.016390
  0.875920    0.015720
  0.896680    0.014610
  0.915730    0.013190
  0.933010    0.011470
  0.948440    0.009590
  0.961940    0.007550
  0.973470    0.005490
  0.982960    0.003490
  0.990390    0.001710
  0.995720    0.000320
  0.998930    0.000160
  1.000000    0.000000