#
# NACA0012
#
 1.0  0.0
 0.9998286624877786  2.4901135085816926e-05 
 0.9993147673772869  9.95542359963547e-05 
 0.998458666866564  0.00022380863595732324 
 0.9972609476841368  0.0003974140418788685 
 0.9957224306869052  0.0006200217522744633 
 0.9938441702975689  0.0008911863437026684 
 0.9916274537819773  0.0012103678073565548 
 0.9890738003669028  0.0015769341125594692 
 0.9861849601988383  0.00199016416934176 
 0.9829629131445341  0.0024492511580229024 
 0.9794098674340965  0.0029533061898666473 
 0.9755282581475768  0.003501362259450333 
 0.9713207455460892  0.004092378446447533 
 0.9667902132486008  0.00472524432208854 
 0.9619397662556434  0.005398784513679219 
 0.9567727288213005  0.006111763379239213 
 0.9512926421749301  0.0068628897435895455 
 0.9455032620941839  0.0076508216470814626 
 0.9394085563309826  0.008474171058622042 
 0.9330127018922194  0.00933150850570876 
 0.9263200821770461  0.010221367575826697 
 0.919335283972712  0.011142249245767719 
 0.9120630943110077  0.012092625998179549 
 0.9045084971874737  0.013070945687907858 
 0.8966766701456177  0.014075635124422028 
 0.8885729807284855  0.01510510334077244 
 0.8802029828000155  0.0161577445240594 
 0.871572412738697  0.017231940587257168 
 0.8626871855061438  0.01832606336736178 
 0.8535533905932737  0.019438476440169234 
 0.8441772878468771  0.02056753654746705 
 0.8345653031794289  0.02171159463797809 
 0.8247240241650917  0.02286899652895959 
 0.8146601955249186  0.02403808320086784 
 0.8043807145043603  0.02521719074287901 
 0.7938926261462365  0.026404649972245113 
 0.7832031184624165  0.027598785755396767 
 0.7723195175075134  0.028797916063317053 
 0.7612492823579744  0.030000350797943214 
 0.7499999999999999  0.031204390430159917 
 0.7385793801298042  0.032408324493262135 
 0.7269952498697734  0.0336104299785611 
 0.7152555484041474  0.03480896968203009 
 0.7033683215379001  0.03600219055251256 
 0.6913417161825448  0.03718832209301556 
 0.6791839747726501  0.03836557486696553 
 0.6669034296168854  0.039532139161004023 
 0.6545084971874737  0.04068618385493764 
 0.6420076723519613  0.041825855547839595 
 0.6294095225512604  0.04294927798703397 
 0.6167226819279527  0.04405455184380324 
 0.6039558454088797  0.045139754876164305 
 0.5911177627460736  0.046202942514998006 
 0.5782172325201154  0.04724214890522447 
 0.5652630961100257  0.04825538842864665 
 0.5522642316338267  0.04924065772957937 
 0.5392295478639224  0.050195938258508696 
 0.5261679781214718  0.051119199342842515 
 0.5130884741539365  0.05200840178738512 
 0.49999999999999983  0.052861502000571596 
 0.48691152584606345  0.0536764566357969 
 0.47383202187852813  0.05445122773045192 
 0.4607704521360775  0.05518378831860374 
 0.4477357683661733  0.05587212848671229 
 0.43473690388997427  0.056514261835429694 
 0.4217827674798845  0.05710823230446014 
 0.40888223725392625  0.05765212131173858 
 0.3960441545911204  0.058144055152880667 
 0.38327731807204724  0.05858221260203518 
 0.37059047744873963  0.05896483265098816 
 0.3579923276480386  0.059290222319684324 
 0.3454915028125263  0.05955676446829195 
 0.3330965703831146  0.0597629255385877 
 0.3208160252273498  0.05990726315081166 
 0.3086582838174551  0.05998843348126799 
 0.2966316784620998  0.06000519834584596 
 0.2847444515958524  0.059956431915317784 
 0.2730047501302266  0.05984112698974276 
 0.2614206198701957  0.05965840076156254 
 0.24999999999999994  0.05940749999999998 
 0.23875071764202555  0.0590878055931527 
 0.2276804824924864  0.058698836388670995 
 0.21679688153758359  0.0582402522790943 
 0.20610737385376343  0.05771185648374225 
 0.19561928549563967  0.05711359698546706 
 0.18533980447508125  0.05644556708751393 
 0.17527597583490817  0.05570800506313937 
 0.16543469682057088  0.05490129287843684 
 0.155822712153123  0.05402595397693668 
 0.1464466094067262  0.05308265012290848 
 0.13731281449385618  0.052072177308812265 
 0.12842758726130288  0.050995460740940586 
 0.11979701719998453  0.049853548925878274 
 0.11142701927151455  0.048647606888894954 
 0.10332332985438242  0.04737890856369239 
 0.09549150281252627  0.046048828400968606 
 0.08793690568899215  0.044658832250952206 
 0.08066471602728797  0.04321046758232218 
 0.07367991782295391  0.041705353106688214 
 0.06698729810778065  0.04014516788398887 
 0.06059144366901731  0.03853163998970892 
 0.05449673790581605  0.03686653482965823 
 0.048707357825069686  0.035151643192145594 
 0.04322727117869957  0.03338876913067023 
 0.03806023374435663  0.031579717772709154 
 0.03320978675139913  0.029726283151766446 
 0.028679254453910785  0.027830236160552732 
 0.024471741852423234  0.025893312722965616 
 0.020590132565903474  0.02391720228144218 
 0.017037086855465844  0.021903536694259613 
 0.013815039801161721  0.019853879634481198 
 0.010926199633097156  0.017769716578510224 
 0.008372546218022692  0.015652445467653184 
 0.006155829702431115  0.013503368120745462 
 0.004277569313094809  0.011323682469811717 
 0.002739052315863355  0.009114475683966528 
 0.001541333133436018  0.006876718239381 
 0.0006852326227130834  0.004611258985208414 
 0.00017133751222137006  0.0023188212469570433 
 0.0  0.0 
 0.00017133751222137006  -0.0023188212469570433 
 0.0006852326227130834  -0.004611258985208414 
 0.001541333133436018  -0.006876718239381 
 0.002739052315863355  -0.009114475683966528 
 0.004277569313094809  -0.011323682469811717 
 0.006155829702431115  -0.013503368120745462 
 0.008372546218022692  -0.015652445467653184 
 0.010926199633097156  -0.017769716578510224 
 0.013815039801161721  -0.019853879634481198 
 0.017037086855465844  -0.021903536694259613 
 0.020590132565903474  -0.02391720228144218 
 0.024471741852423234  -0.025893312722965616 
 0.028679254453910785  -0.027830236160552732 
 0.03320978675139913  -0.029726283151766446 
 0.03806023374435663  -0.031579717772709154 
 0.04322727117869957  -0.03338876913067023 
 0.048707357825069686  -0.035151643192145594 
 0.05449673790581605  -0.03686653482965823 
 0.06059144366901731  -0.03853163998970892 
 0.06698729810778065  -0.04014516788398887 
 0.07367991782295391  -0.041705353106688214 
 0.08066471602728797  -0.04321046758232218 
 0.08793690568899215  -0.044658832250952206 
 0.09549150281252627  -0.046048828400968606 
 0.10332332985438242  -0.04737890856369239 
 0.11142701927151455  -0.048647606888894954 
 0.11979701719998453  -0.049853548925878274 
 0.12842758726130288  -0.050995460740940586 
 0.13731281449385618  -0.052072177308812265 
 0.1464466094067262  -0.05308265012290848 
 0.155822712153123  -0.05402595397693668 
 0.16543469682057088  -0.05490129287843684 
 0.17527597583490817  -0.05570800506313937 
 0.18533980447508125  -0.05644556708751393 
 0.19561928549563967  -0.05711359698546706 
 0.20610737385376343  -0.05771185648374225 
 0.21679688153758359  -0.0582402522790943 
 0.2276804824924864  -0.058698836388670995 
 0.23875071764202555  -0.0590878055931527 
 0.24999999999999994  -0.05940749999999998 
 0.2614206198701957  -0.05965840076156254 
 0.2730047501302266  -0.05984112698974276 
 0.2847444515958524  -0.059956431915317784 
 0.2966316784620998  -0.06000519834584596 
 0.3086582838174551  -0.05998843348126799 
 0.3208160252273498  -0.05990726315081166 
 0.3330965703831146  -0.0597629255385877 
 0.3454915028125263  -0.05955676446829195 
 0.3579923276480386  -0.059290222319684324 
 0.37059047744873963  -0.05896483265098816 
 0.38327731807204724  -0.05858221260203518 
 0.3960441545911204  -0.058144055152880667 
 0.40888223725392625  -0.05765212131173858 
 0.4217827674798845  -0.05710823230446014 
 0.43473690388997427  -0.056514261835429694 
 0.4477357683661733  -0.05587212848671229 
 0.4607704521360775  -0.05518378831860374 
 0.47383202187852813  -0.05445122773045192 
 0.48691152584606345  -0.0536764566357969 
 0.49999999999999983  -0.052861502000571596 
 0.5130884741539365  -0.05200840178738512 
 0.5261679781214718  -0.051119199342842515 
 0.5392295478639224  -0.050195938258508696 
 0.5522642316338267  -0.04924065772957937 
 0.5652630961100257  -0.04825538842864665 
 0.5782172325201154  -0.04724214890522447 
 0.5911177627460736  -0.046202942514998006 
 0.6039558454088797  -0.045139754876164305 
 0.6167226819279527  -0.04405455184380324 
 0.6294095225512604  -0.04294927798703397 
 0.6420076723519613  -0.041825855547839595 
 0.6545084971874737  -0.04068618385493764 
 0.6669034296168854  -0.039532139161004023 
 0.6791839747726501  -0.03836557486696553 
 0.6913417161825448  -0.03718832209301556 
 0.7033683215379001  -0.03600219055251256 
 0.7152555484041474  -0.03480896968203009 
 0.7269952498697734  -0.0336104299785611 
 0.7385793801298042  -0.032408324493262135 
 0.7499999999999999  -0.031204390430159917 
 0.7612492823579744  -0.030000350797943214 
 0.7723195175075134  -0.028797916063317053 
 0.7832031184624165  -0.027598785755396767 
 0.7938926261462365  -0.026404649972245113 
 0.8043807145043603  -0.02521719074287901 
 0.8146601955249186  -0.02403808320086784 
 0.8247240241650917  -0.02286899652895959 
 0.8345653031794289  -0.02171159463797809 
 0.8441772878468771  -0.02056753654746705 
 0.8535533905932737  -0.019438476440169234 
 0.8626871855061438  -0.01832606336736178 
 0.871572412738697  -0.017231940587257168 
 0.8802029828000155  -0.0161577445240594 
 0.8885729807284855  -0.01510510334077244 
 0.8966766701456177  -0.014075635124422028 
 0.9045084971874737  -0.013070945687907858 
 0.9120630943110077  -0.012092625998179549 
 0.919335283972712  -0.011142249245767719 
 0.9263200821770461  -0.010221367575826697 
 0.9330127018922194  -0.00933150850570876 
 0.9394085563309826  -0.008474171058622042 
 0.9455032620941839  -0.0076508216470814626 
 0.9512926421749301  -0.0068628897435895455 
 0.9567727288213005  -0.006111763379239213 
 0.9619397662556434  -0.005398784513679219 
 0.9667902132486008  -0.00472524432208854 
 0.9713207455460892  -0.004092378446447533 
 0.9755282581475768  -0.003501362259450333 
 0.9794098674340965  -0.0029533061898666473 
 0.9829629131445341  -0.0024492511580229024 
 0.9861849601988383  -0.00199016416934176 
 0.9890738003669028  -0.0015769341125594692 
 0.9916274537819773  -0.0012103678073565548 
 0.9938441702975689  -0.0008911863437026684 
 0.9957224306869052  -0.0006200217522744633 
 0.9972609476841368  -0.0003974140418788685 
 0.998458666866564  -0.00022380863595732324 
 0.9993147673772869  -9.95542359963547e-05 
 0.9998286624877786  -2.4901135085816926e-05 
 1.0  0.0
